00938	S,
00938	M
00939	S
00940	XL
00941	L
00942	38,
00942	42
00943	38,
00943	40,
00943	42
00944	S,
00944	M,
00944	L
00945	S,
00945	M,
00945	L
00946	S
00947	L
00948	S,
00948	M,
00948	L
00949	М,
00949	XL
00950	36,
00950	38,
00950	40
00951	L
00952	L
00953	38,
00953	40
00954	S
00955	M,
00955	L
00956	36,
00956	40
00957	М,
00957	L
00958	S
00959	М,
00959	L
00960	L
00961	L
00962	М,
00962	L
00963	М
00964	XS
00965	S,
00965	M,
00965	L
00966	M,
00966	L
00967	L,
00967	XL
00968	38,
00968	40,
00968	42
00969	40,
00969	42
00970	L
00971	S,
00971	M,
00971	L,
00971	XL
00972	S
00973	М,
00973	L
00974	L
00975	М
00976	M,
00976	L
00977	40
00978	42
00979	42
00980	40
00981	40
00982	36,
00982	40
00983	L
00984	XL
00985	L
00986	54
00987	50
00988	50
00989	0
00990	0
00991	0
00992	0
00993	0
00994	56,
00994	58
00995	48
00996	50
00997	48,
00997	52,
00997	54,
00997	56,
00997	58
00998	48,
00998	52,
00998	54,
00998	56
00999	46
01000	48
01001	42,
01001	46
01002	44
01003	L
01004	50,
01004	56,
01004	58
01005	XXL
01006	38,
01006	41
01007	38,
01007	39,
01007	40,
01007	41,
01007	42
01008	38,
01008	41
01009	37,
01009	38,
01009	41
01010	37
01011	40,
01011	41
01012	36,
01012	37,
01012	39,
01012	40,
01012	41
01013	37,
01013	41
01014	37,
01014	38
01015	40
01016	41
01017	39,
01017	41,
01017	42
01018	41
01019	41,
01019	43
01020	40,
01020	41
01021	45,
01021	46
