37	41
37	38	39	40
38	40	41
38	40
37	38	40
37	38	39	40
37	38	39	40
37
37	41
38	39	40
37	38	39 40
40
41
41
41
37	38	39	40
37	38	39	40	41
37
41
8	10	11
40
40
38	39	40
40
39	40	41
37	38	39
37	39
39	40
37	39
39
40	41
38
37	41	43
39	40	41
40
37	38	41
38	39	40	41
37	38	39	40	41
37	38	39	40	41
38	39	40	41
37	39	40	41
37	38	39	40	41
37	39	40
37	38	39	40	41
38
39
38
38	39	41
38
38
37	41
37	39
38
40
44
43
42
44
45
40	41	42	43	44	45	46
40	41	42	43	44
40	41	42	44
41	42	43	45